$GPTXT,01,01,02,MA=CASIC*27
$GPTXT,01,01,02,IC=AT6558F-5N-32-1C580900*06
$GPTXT,01,01,02,SW=URANUS5,V5.3.0.0*1D
$GPTXT,01,01,02,TB=2020-03-26,13:25:12*4B
$GPTXT,01,01,02,MO=GB*77
$GPTXT,01,01,01,ANTENNA OK*35
$GNGGA,152156.000,3150.83374,N,11848.24341,E,1,12,1.7,88.9,M,0.9,M,,*4B
$GNGLL,3150.83374,N,11848.24341,E,152156.000,A,A*4B
$GNGSA,A,3,11,15,29,194,195,199,,,,,,,2.5,1.7,1.9,1*07
$GNGSA,A,3,10,16,19,29,39,59,,,,,,,2.5,1.7,1.9,4*3E
$GPGSV,3,1,09,11,26,133,26,13,73,044,,15,64,255,32,18,26,318,,0*6B
$GPGSV,3,2,09,29,41,256,30,30,18,053,,194,05,161,27,195,60,142,33,0*6B
$GPGSV,3,3,09,199,52,165,30,0*6B
$BDGSV,2,1,08,02,,,37,07,23,202,,10,27,215,29,16,24,174,38,0*4E
$BDGSV,2,2,08,19,62,307,23,29,52,192,33,39,31,170,24,59,49,142,35,0*7B
$GNRMC,152156.000,A,3150.83374,N,11848.24341,E,0.00,14.03,210225,,,A,V*36
$GNVTG,14.03,T,,M,0.00,N,0.00,K,A*15
$GNZDA,152156.000,21,02,2025,00,00*48
$GPTXT,01,01,01,ANTENNA OK*35
$GNGGA,152155.000,3150.83379,N,11848.24304,E,1,12,1.7,88.4,M,0.9,M,,*49
$GNGLL,3150.83379,N,11848.24304,E,152155.000,A,A*44
$GNGSA,A,3,11,15,29,194,195,199,,,,,,,2.5,1.7,1.9,1*07
$GNGSA,A,3,10,16,19,29,39,59,,,,,,,2.5,1.7,1.9,4*3E
$GPGSV,3,1,09,11,26,133,26,13,73,044,,15,64,255,32,18,26,318,,0*6B
$GPGSV,3,2,09,29,41,256,30,30,18,053,,194,05,161,27,195,60,142,33,0*6B
$GPGSV,3,3,09,199,52,165,30,0*6B
$BDGSV,2,1,08,02,,,37,07,23,202,,10,27,215,29,16,24,174,38,0*4E
$BDGSV,2,2,08,19,62,307,23,29,52,192,33,39,31,170,24,59,49,142,35,0*7B
$GNRMC,152155.000,A,3150.83379,N,11848.24304,E,0.00,14.03,210225,,,A,V*39
$GNVTG,14.03,T,,M,0.00,N,0.00,K,A*15
$GNZDA,152155.000,21,02,2025,00,00*4B
$GPTXT,01,01,01,ANTENNA OK*35
$GNGGA,152153.000,3150.83391,N,11848.24225,E,1,12,1.7,87.5,M,0.9,M,,*45
$GNGLL,3150.83391,N,11848.24225,E,152153.000,A,A*46
$GNGSA,A,3,11,15,29,194,195,199,,,,,,,2.5,1.7,1.9,1*07
$GNGSA,A,3,10,16,19,29,39,59,,,,,,,2.5,1.7,1.9,4*3E
$GPGSV,3,1,09,11,26,133,26,13,73,044,,15,64,255,32,18,26,318,,0*6B
$GPGSV,3,2,09,29,41,256,28,30,18,053,,194,05,161,27,195,60,142,33,0*62
$GPGSV,3,3,09,199,52,165,30,0*6B
$BDGSV,2,1,08,02,,,37,07,23,202,,10,27,215,29,16,24,174,37,0*41
$BDGSV,2,2,08,19,62,307,21,29,52,192,32,39,31,170,28,59,49,142,35,0*74
$GNRMC,152153.000,A,3150.83391,N,11848.24225,E,0.00,14.03,210225,,,A,V*3B
$GNVTG,14.03,T,,M,0.00,N,0.00,K,A*15
$GNZDA,152153.000,21,02,2025,00,00*4D
$GPTXT,01,01,01,ANTENNA OK*35
$GNGGA,152154.000,3150.83386,N,11848.24266,E,1,12,1.7,88.0,M,0.9,M,,*49
$GNGLL,3150.83386,N,11848.24266,E,152154.000,A,A*40
$GNGSA,A,3,11,15,29,194,195,199,,,,,,,2.5,1.7,1.9,1*07
$GNGSA,A,3,10,16,19,29,39,59,,,,,,,2.5,1.7,1.9,4*3E
$GPGSV,3,1,09,11,26,133,26,13,73,044,,15,64,255,32,18,26,318,,0*6B
$GPGSV,3,2,09,29,41,256,28,30,18,053,,194,05,161,27,195,60,142,33,0*62
$GPGSV,3,3,09,199,52,165,30,0*6B
$BDGSV,2,1,08,02,,,37,07,23,202,,10,27,215,29,16,24,174,38,0*4E
$BDGSV,2,2,08,19,62,307,23,29,52,192,32,39,31,170,24,59,49,142,35,0*7A
$GNRMC,152154.000,A,3150.83386,N,11848.24266,E,0.00,14.03,210225,,,A,V*3D
$GNVTG,14.03,T,,M,0.00,N,0.00,K,A*15
$GNZDA,152154.000,21,02,2025,00,00*4A